0.586276380626626    0.0420885545496511   1
0.1014365215681331    0.9672099051123684   1
0.4127245077947167    0.49851573179840813   1
0.9692475273002145    0.6666469210577919   1
0.15112630002908922    0.8085678743425497   1
0.21396799239671305    0.7452943034479055   1
0.7914252234156123    0.4946285177846863   1
0.11244587393848149    0.9924214507430416   1
0.6035381997707825    0.9232576019956046   1
0.23118946204789215    0.4549243828352115   1
0.9765605903280573    0.8204336739258279   1
0.5159910191109778    0.9156426606656758   1
0.169315591312318    0.3187827824214001   1
0.08262278628913322    0.13421184714467804   1
0.8313939979909343    0.5261478691534038   1
0.99360890203724    0.4348650180033853   1
0.6975484555433537    0.37687146799280025   1
0.7874208602791555    0.6622648297257765   1
0.37299524130050354    0.8937335734606131   1
0.8427376831463643    0.5640794269688313   1
0.20070945450220745    0.21412411835764011   1
0.017193264651849782    0.9804966903284911   1
0.05232760058456942    0.08060925958722476   1
0.9709308299778951    0.8183597478147075   1
0.18693821353411733    0.28479454426501505   1
0.6492448317461383    0.632358460182448   1
0.9032589629942602    0.5386504512510767   1
0.4964258655920919    0.9197982519985413   1
0.32020972513974266    0.8534707575931967   1
0.38707698629235987    0.8787476403507876   1
0.21591187750123297    0.7632422181488676   1
0.6816263139129094    0.7284367113798731   1
0.8604223435773415    0.717053607900481   1
0.42215531046665955    0.4488328668478859   1
0.6186216169813092    0.8234919968743285   1
0.7491634108465313    0.6993477406754505   1
0.055506854104142245    0.8629139259497866   1
0.0564247139631191    0.1626708133431931   1
0.6600530351009252    0.7099437319519519   1
0.725718055826342    0.26378854502074855   1
0.6755328211406966    0.18173453865514266   1
0.7116560510627684    0.07887908345903927   1
0.21988805340494555    0.8467935025270826   1
0.6537048452021585    0.4329584164688598   1
0.5682974934255626    0.3767384480594286   1
0.7671257368456141    0.897226409894212   1
0.9791486891369239    0.2590281183746356   1
0.6085424328778303    0.316790296969215   1
0.00819141250754174    0.7420229597006816   1
0.35109471228004374    0.219663641855406   1
0.3656562433454017    0.7094324679003399   1
0.05806984366235168    0.9646922012845256   1
0.9093906052158541    0.23592095201202035   1
0.9082640738767596    0.18326637287681502   1
0.5748193259443408    0.2961274662638519   1
0.7723083837523983    0.9136804255100017   1
0.21572802866897467    0.9106741633829851   1
0.4024293164090694    0.732892403942548   1
0.3901381332392331    0.42017754834701326   1
0.2986075773169432    0.5262006094928489   1
0.9393206149167377    0.09368819906020875   1
0.6163199723194274    0.765560280777534   1
0.9525455755131887    0.7796459288021862   1
0.6233072601300771    0.995407351573614   1
0.6113370646799181    0.4763451032988062   1
0.4310654952541495    0.3501344633687675   1
0.23235281002467634    0.759329912481887   1
0.04378749257966652    0.22769414234341734   1
0.3974423753460842    0.8338900679161163   1
0.38808583937680174    0.9517557661224262   1
0.153996513358718    0.27923018192120164   1
0.010497305195772078    0.45079163037106873   1
0.03850422175056745    0.5489326511877705   1
0.13981500152251025    0.34797938141517537   1
0.9753204679148894    0.5573876791183774   1
0.7387102460473826    0.2540398936995577   1
0.2245978621528052    0.9898760384155755   1
0.8140715189609741    0.6418828908093699   1
0.06281363848104193    0.4922648616604922   1
0.5271493686969484    0.2021840713197769   1
0.1536332640777902    0.053582182213740004   1
0.8817689316819021    0.6358130148879507   1
0.5645286668437742    0.6385853516549804   1
0.30066056814669373    0.36041086313431236   1
0.4214548056126509    0.824789993337192   1
0.04786929942436924    0.5165155807834781   1
0.4425173812829769    0.07878870223044387   1
0.18035376004336645    0.5206296989612305   1
0.42645862080711605    0.2303655385887322   1
0.6926848438202277    0.9923093380666544   1
0.1835152798328734    0.8466031976168832   1
0.11049735386956827    0.2821873605776898   1
0.015361076686972286    0.6809236359977124   1
0.01040919292355913    0.9857932581639359   1
0.4769121096007395    0.005020500528416294   1
0.2535330675329692    0.4798794454337578   1
0.16729712333291147    0.19236936697785656   1
0.8102708484250395    0.8452698611540055   1
0.8018128547721514    0.32240812382357387   1
0.5973293824231564    0.28861523984446935   1
3.9694013184205263    3.0902621556473915   2
3.3424997100048652    3.318526037985518   2
3.0590897713096012    3.04174650392983   2
3.533386974652194    3.3406194833758076   2
3.522278341296056    3.5801247863044168   2
3.7975146066572685    3.8148945912925036   2
3.151578937695642    3.1675652007407846   2
3.940759489277146    3.8474878369652905   2
3.754348628544356    3.788093872384279   2
3.9548854171739296    3.472616590631807   2
3.3472303596481434    3.2807196541337937   2
3.1641579109206965    3.0106994649695316   2
3.6142241621788385    3.229006432337748   2
3.144705825684676    3.8223727374142986   2
3.257456501427735    3.6158136645163887   2
3.4700166077919463    3.2926088610797732   2
3.3928349141724836    3.1995542565436104   2
3.662075412739145    3.043404192469752   2
3.891808672029858    3.4568442353034863   2
3.017482863761661    3.886382661801915   2
3.24260348047418    3.6048822056396634   2
3.1255829078202164    3.1703815946980205   2
3.8981060238252114    3.861743288378878   2
3.0553836075961156    3.093006042583176   2
3.2275308857801623    3.2393452853622344   2
3.8532513434691844    3.8668229235209095   2
3.696518127415513    3.297072981996492   2
3.0833493764011175    3.7301601522495202   2
3.065382371332301    3.8658753795252476   2
3.9770024159334767    3.7751147283284006   2
3.32141264351036    3.484569351760442   2
3.429412919526747    3.2837450152338383   2
3.351050883377698    3.4093522429377727   2
3.676458933448746    3.2515579752528403   2
3.475077558209814    3.236981646641171   2
3.8202691903715724    3.1234568237707157   2
3.485097847140886    3.814975595706823   2
3.3072628756991542    3.690484033410582   2
3.8402551782961822    3.5044512838399546   2
3.684383770647745    3.2345321542563705   2
3.337303403165625    3.465621542083196   2
3.9046141918103126    3.4923946634845975   2
3.544836058739238    3.047700799475437   2
3.160846328280311    3.011205341472199   2
3.5034226901484513    3.4554261979483822   2
3.039116112079643    3.1524456692021237   2
3.584184928590745    3.4607336641844295   2
3.0042421497431038    3.0225974821577104   2
3.951742435031555    3.9985090446156595   2
3.7253160346426584    3.5783206916629866   2
3.15356984973478    3.5383247004018057   2
3.457575641535073    3.649266099943363   2
3.6103599629013834    3.4185898197743163   2
3.366350374191639    3.886326432334821   2
3.9230678027312056    3.32209947466733   2
3.3716339759606853    3.599675118655277   2
3.770880887126542    3.525417452189959   2
3.21091599920849    3.667984628938939   2
3.183311858397933    3.8689744278039457   2
3.0041816906971235    3.9178656466399913   2
3.0920252096640564    3.972926302885817   2
3.4090877225631875    3.1812657927168613   2
3.176992590948333    3.0394685520230698   2
3.90490443366513    3.20882104210181   2
3.678070574327559    3.7655909360848865   2
3.310116015752002    3.0229969897497853   2
3.5749734171773038    3.228293027297412   2
3.3477552669014696    3.3334362721540494   2
3.280198411089872    3.5931721243788455   2
3.8704273460033973    3.214415815280621   2
3.853614954920929    3.206633195380595   2
3.690913328187639    3.9532108205927283   2
3.417781404400344    3.280128295466333   2
3.5476241900032695    3.7978809636082684   2
3.997055746105765    3.1838730421374266   2
3.781356158315552    3.6213029689   2
3.855269311889838    3.8063255604956563   2
3.4808515348323317    3.5033786361257713   2
3.1043720745524186    3.4937888084053577   2
3.708710444889589    3.3682977530725458   2
3.0577692555397844    3.313877120143335   2
3.5601488518332847    3.333909059410212   2
3.0795223840627406    3.8566162856419846   2
3.179098525128973    3.776316706311104   2
3.3664040231739047    3.4962564046076388   2
3.7221655617046188    3.7052215658802257   2
3.6716854441250044    3.664992876901425   2
3.42531991019964    3.2949920444246716   2
3.4119463216750106    3.8886165376657984   2
3.5498445918805612    3.1805074970132003   2
3.1232146886241416    3.8862775133899996   2
3.046188952970073    3.1684045371704874   2
3.0296461042851117    3.7414644807333373   2
3.8604763258264527    3.563616944702553   2
3.503852003883921    3.3115302379925877   2
3.7879016089770166    3.371974626249847   2
3.727664644906142    3.700184281136766   2
3.6165789769185537    3.994313191588049   2
3.959307907030785    3.576786567550598   2
3.983989347976559    3.2667740932255818   2
7.52423537122417    7.254096277890813   3
7.489187747122681    6.976183305298427   3
7.927616140929868    7.966066219200056   3
7.372737527057741    6.196841741214259   3
7.109369605479936    7.915213471944426   3
7.405867135608726    6.752944811444757   3
7.37609180230194    7.100805468563341   3
7.254064154165614    6.682465875961626   3
7.793248107567848    6.386249796785409   3
7.561671001280606    7.312693520133704   3
7.7671795896742655    7.079470820576102   3
7.163950723969719    6.551112986131411   3
7.048809205435665    6.757683031201521   3
7.9794174052738525    6.483862586771261   3
7.660260878497649    7.6686799974166515   3
7.291297383964624    7.442514515459994   3
7.416732305930756    6.255876275969657   3
7.992691859897747    6.480725162537922   3
7.628473498922668    7.617923535861005   3
7.419306702186367    6.494243908753621   3
7.858603545699256    7.585974645622787   3
7.744859808657259    7.87991100434606   3
7.2615632895203905    6.32704717638247   3
7.651814799116883    6.278721399592244   3
7.469334199287565    7.241212948908985   3
7.295076999280141    7.577343934681231   3
7.94230714560455    6.513768141951662   3
7.067434414590451    7.88304898854644   3
7.443064838438403    6.436888007657173   3
7.899906610710483    7.7019827505742455   3
7.310169033605622    6.662662023183653   3
7.768649262708312    6.92485021609296   3
7.587964942012294    6.301898662311009   3
7.931257724628351    7.564412723442485   3
7.724226409184777    6.00525191471459   3
7.360213618656118    7.757520038972471   3
7.864542582764872    7.212103321818776   3
7.595529592115238    6.819050453274919   3
7.910696617275336    7.731164519773367   3
7.716276261879265    6.935572408391741   3
7.8554103142718645    7.446734963873936   3
7.819429699923874    7.573081434042981   3
7.044637598870864    6.5764676111604405   3
7.377796840650868    6.457051725650331   3
7.908380783543058    6.49956856397192   3
7.082323463675056    6.155170787007617   3
7.103171216488123    6.261671191017788   3
7.277600063563862    7.4496351972769554   3
7.790827011309895    6.502345443513713   3
7.773820121374155    7.5631442326177645   3
7.475846078652524    6.554999376582154   3
7.061327657097495    7.5304010735673055   3
7.7596554326566824    7.481352694735007   3
7.937677088357518    7.997024947388171   3
7.311453957185558    7.098736891542404   3
7.40887364654693    7.304145683698489   3
7.413632716191755    7.570396522495108   3
7.683696846518127    7.862187925292855   3
7.828199141184484    7.196833973161743   3
7.779592249033167    6.403761432622835   3
7.180380006401476    6.589707779473376   3
7.97372863731677    6.4967045987549135   3
7.205011058807478    6.534877134564365   3
7.963484162965717    7.618465851936119   3
7.705683140033891    6.984564829167836   3
7.5803804255392695    7.355634292473111   3
7.30990644281048    6.966494303105266   3
7.434791694929458    7.453334745181273   3
7.353918974970051    7.907991223901209   3
7.831719215699657    7.425805812885343   3
7.658386417975564    7.602286160205142   3
7.683448237791753    7.354695984027842   3
7.765549319056436    6.378324702100654   3
7.960006588777478    6.598547225498418   3
7.615549938295403    6.227720323866906   3
7.519370162863729    6.510051249545234   3
7.624856113031213    6.0099122122571424   3
7.063213412193374    6.132597689351228   3
7.763593166511161    6.36971837831234   3
7.716197112178125    7.023626041878331   3
7.814687075074151    7.065659108359313   3
7.384738897419885    6.76551858296601   3
7.883908462853715    7.321638985395714   3
7.177607053265343    7.756241984587173   3
7.954068218826591    7.664918380530025   3
7.068014737322213    7.549934679826497   3
7.073992763800831    7.820264528393183   3
7.96950531262411    7.249585481709396   3
7.526070297547106    6.886086971406204   3
7.743393107291209    7.149115662259267   3
7.441461523377785    6.951620785350713   3
7.9525557244141245    7.218128476173742   3
7.627336922947636    7.869003099662271   3
7.166137936295553    6.932570568550172   3
7.792608971938574    6.6382792419285455   3
7.618261247070522    6.4841921437865295   3
7.692070601842895    7.180524047742821   3
7.169105533476988    6.41747293323399   3
7.253225278108288    7.998926800694865   3
7.45186552532259    7.059614989215071   3
